$ 1 0.000005 15.472767971186109 51 5 50 5e-11
v 384 272 384 176 0 1 60 170 0 1.5707963267948966 0.5
c 512 176 608 176 0 4.7000000000000005e-7 -133.91257866142598 0.001
r 512 112 608 112 0 820000
d 608 256 672 192 2 default
d 672 192 736 256 2 default
d 608 256 672 320 2 default
d 672 320 736 256 2 default
r 464 336 576 336 0 1000
w 448 112 448 176 0
w 608 112 608 176 0
w 608 176 672 176 0
w 672 176 672 192 0
w 672 320 672 336 0
w 672 336 576 336 0
w 464 336 384 336 0
w 384 336 384 272 0
g 608 256 576 256 0 0
34 zener-4.7 1 1.7143528192810002e-7 0 2.0000000000000084 4.7 1
z 784 352 784 256 2 zener-4.7
209 848 256 848 352 0 0.00047 3.490763990658669 1 1
g 736 352 736 384 0 0
w 736 256 784 256 0
w 784 256 848 256 0
w 784 352 848 352 0
w 784 352 736 352 0
207 384 176 384 144 4 L
207 848 256 848 224 4 output
r 848 256 928 256 0 220
w 928 352 848 352 0
207 672 176 672 144 4 input
162 928 256 928 352 2 default-led 1 0 0 0.01
404 384 176 448 176 0 0.0613 6.73 0.09626454678866353 false
w 272 112 448 112 0
w 272 336 384 336 0
w 448 176 512 176 0
w 512 176 512 112 0
181 272 336 272 112 0 1169.8781491691939 100 120 0.4 0.4
o 24 64 0 4099 320 0.00009765625 0 2 24 3
o 28 64 0 4099 5 0.000390625 1 2 28 3
o 25 64 0 4099 5 0.000390625 2 2 25 3
o 30 64 0 4097 0.009765625 25.6 3 3 30 3 33 0
o 33 64 0 4097 5 0.2 4 2 33 3
